Effstar =  1.000 ;
beta    =  0.990 ;
theta   =  0.357 ;
tau     =  2.000 ;
alpha   =  0.450 ;
psi     = -0.200 ;
delta   =  0.025 ;
rho     =  0.950 ;
effstar =  1.000 ;
